300|Bananer|0|15,50|0,00|0001-01-01|0001-01-01|0|0
301|Tomater|0|79,90|0,00|0001-01-01|0001-01-01|0|0
302|Apelsiner|0|9,90|0,00|0001-01-01|0001-01-01|0|0
303|Godis|0|99,50|0,00|0001-01-01|0001-01-01|0|0
304|Kött|0|199|0,00|0001-01-01|0001-01-01|0|0
305|Kyckling|0|129,90|0,00|0001-01-01|0001-01-01|0|0
306|Nutella|21,90|0|0,00|0001-01-01|0001-01-01|0|0
307|Citron|5,50|0|0,00|0001-01-01|0001-01-01|0|0
308|Jordgubbar|39,90|0|0,00|0001-01-01|0001-01-01|0|0
309|Grädde|24,90|0|0,00|0001-01-01|0001-01-01|0|0
310|Choklad|22,90|0|0,00|0001-01-01|0001-01-01|0|0
311|Mango|19,90|0|0,00|0001-01-01|0001-01-01|0|0
312|Öl|15,50|0|0,00|0001-01-01|0001-01-01|0|0
313|Kex|23,90|0|0,00|0001-01-01|0001-01-01|0|0
314|Gurka|10|0|0,00|0001-01-01|0001-01-01|0|0
315|Leverpastej|24,90|0|0,00|0001-01-01|0001-01-01|0|0
316|Chips|27,90|0|0,00|0001-01-01|0001-01-01|0|0
317|Bröd|34,90|0|0,00|0001-01-01|0001-01-01|0|0
318|Mjölk|16,90|0|0,00|0001-01-01|0001-01-01|0|0
319|Yoghurt|29,90|0|0,00|0001-01-01|0001-01-01|0|0
320|Glass|39,90|0|0,00|0001-01-01|0001-01-01|0|0
